2.0843862558499793 68.81882875125703
2.0843862558499793 68.81882875125703
2.0843862558499793 68.81882875125703
2.0843862558499793 68.81882875125703
2.0843862558499793 68.81882875125703
60.07483149380726 87.81789363346381
60.07483149380726 87.81789363346381
60.07483149380726 87.81789363346381
60.07483149380726 87.81789363346381
60.07483149380726 87.81789363346381
34.23511940683771 87.82540999722825
34.23511940683771 87.82540999722825
34.23511940683771 87.82540999722825
34.23511940683771 87.82540999722825
34.23511940683771 87.82540999722825
29.224466771534395 57.92323237435526
29.224466771534395 57.92323237435526
29.224466771534395 57.92323237435526
29.224466771534395 57.92323237435526
99.87701467100325 64.87481043714193
99.87701467100325 64.87481043714193
99.87701467100325 64.87481043714193
99.87701467100325 64.87481043714193
99.87701467100325 64.87481043714193
30.442171134227504 67.51567048354855
30.442171134227504 67.51567048354855
30.442171134227504 67.51567048354855
30.442171134227504 67.51567048354855
30.442171134227504 67.51567048354855
50.804505152517386 50.99504194385
50.804505152517386 50.99504194385
50.804505152517386 50.99504194385
50.804505152517386 50.99504194385
50.804505152517386 50.99504194385
98.50272419439341 37.50165727791869
98.50272419439341 37.50165727791869
98.50272419439341 37.50165727791869
98.50272419439341 37.50165727791869
98.50272419439341 37.50165727791869
86.91408533174693 83.7187948187159
86.91408533174693 83.7187948187159
86.91408533174693 83.7187948187159
86.91408533174693 83.7187948187159
86.91408533174693 83.7187948187159
28.11636062311279 92.83841907154434
28.11636062311279 92.83841907154434
28.11636062311279 92.83841907154434
28.11636062311279 92.83841907154434
28.11636062311279 92.83841907154434
25.00014360181162 3.9013400229397255
25.00014360181162 3.9013400229397255
25.00014360181162 3.9013400229397255
25.00014360181162 3.9013400229397255
25.00014360181162 3.9013400229397255
66.69808045111161 16.99242752373418
66.69808045111161 16.99242752373418
66.69808045111161 16.99242752373418
66.69808045111161 16.99242752373418
66.69808045111161 16.99242752373418
11.08167662966747 21.619492466650946
11.08167662966747 21.619492466650946
11.08167662966747 21.619492466650946
11.08167662966747 21.619492466650946
11.08167662966747 21.619492466650946
91.03436904021153 81.03988091411935
91.03436904021153 81.03988091411935
91.03436904021153 81.03988091411935
91.03436904021153 81.03988091411935
91.03436904021153 81.03988091411935
34.464834064827244 91.1370053251454
34.464834064827244 91.1370053251454
34.464834064827244 91.1370053251454
34.464834064827244 91.1370053251454
34.464834064827244 91.1370053251454
15.248343491402427 7.007693108764412
15.248343491402427 7.007693108764412
15.248343491402427 7.007693108764412
15.248343491402427 7.007693108764412
15.248343491402427 7.007693108764412
76.66891653854458 51.40918151350349
0.530439194735588 16.591120077811507
0.530439194735588 16.591120077811507
0.530439194735588 16.591120077811507
0.530439194735588 16.591120077811507
0.530439194735588 16.591120077811507
11.180435706088765 12.819979222241018
11.180435706088765 12.819979222241018
11.180435706088765 12.819979222241018
11.180435706088765 12.819979222241018
11.180435706088765 12.819979222241018
74.19980302144901 83.36674922498594
74.19980302144901 83.36674922498594
74.19980302144901 83.36674922498594
74.19980302144901 83.36674922498594
74.19980302144901 83.36674922498594
48.76637505625035 29.980066351861623
48.76637505625035 29.980066351861623
34.380582597493394 84.79576356600109
34.380582597493394 84.79576356600109
34.380582597493394 84.79576356600109
34.380582597493394 84.79576356600109
34.380582597493394 84.79576356600109
61.90188009289803 21.763589828962704
61.90188009289803 21.763589828962704
61.90188009289803 21.763589828962704
61.90188009289803 21.763589828962704
61.90188009289803 21.763589828962704
32.71708639082343 54.41051727987581
32.71708639082343 54.41051727987581
32.71708639082343 54.41051727987581
32.71708639082343 54.41051727987581
30.92414205547319 72.80826311215307
30.92414205547319 72.80826311215307
30.92414205547319 72.80826311215307
30.92414205547319 72.80826311215307
30.92414205547319 72.80826311215307
3.878605688538428 61.31249957669635
3.878605688538428 61.31249957669635
3.878605688538428 61.31249957669635
3.878605688538428 61.31249957669635
3.878605688538428 61.31249957669635
49.22016100266159 46.810683188018565
49.22016100266159 46.810683188018565
0.9250132005827028 14.949822041517002
0.9250132005827028 14.949822041517002
0.9250132005827028 14.949822041517002
0.9250132005827028 14.949822041517002
0.9250132005827028 14.949822041517002
63.29984234773446 84.97407929008706
63.29984234773446 84.97407929008706
63.29984234773446 84.97407929008706
63.29984234773446 84.97407929008706
63.29984234773446 84.97407929008706
35.61295932695582 77.29463653717993
35.61295932695582 77.29463653717993
35.61295932695582 77.29463653717993
35.61295932695582 77.29463653717993
35.61295932695582 77.29463653717993
59.76365665683163 8.671063061751305
59.76365665683163 8.671063061751305
48.67354271258849 33.08462375804867
48.67354271258849 33.08462375804867
73.52357238862454 41.69552275077406
28.559635210411304 46.40040173856218
28.559635210411304 46.40040173856218
28.559635210411304 46.40040173856218
28.559635210411304 46.40040173856218
39.677494413319145 47.57440831653309
39.677494413319145 47.57440831653309
39.677494413319145 47.57440831653309
39.677494413319145 47.57440831653309
39.677494413319145 47.57440831653309
41.45390138415186 7.130753705395165
41.45390138415186 7.130753705395165
20.530762708366403 81.6182559584489
20.530762708366403 81.6182559584489
20.530762708366403 81.6182559584489
20.530762708366403 81.6182559584489
20.530762708366403 81.6182559584489
25.287892731498484 18.53901457278472
25.287892731498484 18.53901457278472
25.287892731498484 18.53901457278472
25.287892731498484 18.53901457278472
25.287892731498484 18.53901457278472
19.699569077418634 54.0293333560863
19.699569077418634 54.0293333560863
19.699569077418634 54.0293333560863
19.699569077418634 54.0293333560863
19.699569077418634 54.0293333560863
5.231849432622626 82.28218612450063
5.231849432622626 82.28218612450063
5.231849432622626 82.28218612450063
5.231849432622626 82.28218612450063
5.231849432622626 82.28218612450063
70.89093893048825 25.177822129843307
70.89093893048825 25.177822129843307
70.89093893048825 25.177822129843307
70.89093893048825 25.177822129843307
70.89093893048825 25.177822129843307
29.38913117836074 3.1743163616488435
29.38913117836074 3.1743163616488435
29.38913117836074 3.1743163616488435
29.38913117836074 3.1743163616488435
29.38913117836074 3.1743163616488435
17.238843663481152 83.42047200572095
17.238843663481152 83.42047200572095
17.238843663481152 83.42047200572095
17.238843663481152 83.42047200572095
17.238843663481152 83.42047200572095
56.95561429924809 33.37367227905341
56.95561429924809 33.37367227905341
87.08658187164649 33.396040839594946
87.08658187164649 33.396040839594946
87.08658187164649 33.396040839594946
87.08658187164649 33.396040839594946
87.08658187164649 33.396040839594946
92.27389742048834 61.09586563118248
92.27389742048834 61.09586563118248
92.27389742048834 61.09586563118248
92.27389742048834 61.09586563118248
92.27389742048834 61.09586563118248
90.42379897481331 87.44579196976476
90.42379897481331 87.44579196976476
90.42379897481331 87.44579196976476
90.42379897481331 87.44579196976476
90.42379897481331 87.44579196976476
23.761408668232274 92.52912294050208
23.761408668232274 92.52912294050208
23.761408668232274 92.52912294050208
23.761408668232274 92.52912294050208
23.761408668232274 92.52912294050208
85.34477124814201 26.800842725464445
85.34477124814201 26.800842725464445
85.34477124814201 26.800842725464445
85.34477124814201 26.800842725464445
85.34477124814201 26.800842725464445
47.924199545217405 44.28088788654401
47.924199545217405 44.28088788654401
26.68421986534748 31.707445451050564
26.68421986534748 31.707445451050564
26.68421986534748 31.707445451050564
26.68421986534748 31.707445451050564
26.68421986534748 31.707445451050564
45.309695788384055 4.393425180014621
45.309695788384055 4.393425180014621
67.17243741245588 74.56201881105159
67.17243741245588 74.56201881105159
67.17243741245588 74.56201881105159
67.17243741245588 74.56201881105159
67.17243741245588 74.56201881105159
31.001899017759126 70.73922473209214
31.001899017759126 70.73922473209214
31.001899017759126 70.73922473209214
31.001899017759126 70.73922473209214
31.001899017759126 70.73922473209214
58.054622895164286 45.392579498634475
58.054622895164286 45.392579498634475
95.34296616845563 81.34339215947173
95.34296616845563 81.34339215947173
95.34296616845563 81.34339215947173
95.34296616845563 81.34339215947173
95.34296616845563 81.34339215947173
91.06014477656828 51.42192295270751
91.06014477656828 51.42192295270751
91.06014477656828 51.42192295270751
91.06014477656828 51.42192295270751
91.06014477656828 51.42192295270751
71.6127012357347 48.76515786142189
2.670095519414095 12.246965431437285
2.670095519414095 12.246965431437285
2.670095519414095 12.246965431437285
2.670095519414095 12.246965431437285
2.670095519414095 12.246965431437285
26.969172263999997 50.647759421333674
26.969172263999997 50.647759421333674
26.969172263999997 50.647759421333674
26.969172263999997 50.647759421333674
8.48985094639284 11.965545393588195
8.48985094639284 11.965545393588195
8.48985094639284 11.965545393588195
8.48985094639284 11.965545393588195
8.48985094639284 11.965545393588195
3.5420704857912044 92.55010828320222
3.5420704857912044 92.55010828320222
3.5420704857912044 92.55010828320222
3.5420704857912044 92.55010828320222
3.5420704857912044 92.55010828320222
76.58898369330466 95.05177381285421
76.58898369330466 95.05177381285421
76.58898369330466 95.05177381285421
76.58898369330466 95.05177381285421
76.58898369330466 95.05177381285421
92.40281879368395 14.908957794350886
92.40281879368395 14.908957794350886
92.40281879368395 14.908957794350886
92.40281879368395 14.908957794350886
92.40281879368395 14.908957794350886
69.21684899709554 71.56888276278143
69.21684899709554 71.56888276278143
69.21684899709554 71.56888276278143
69.21684899709554 71.56888276278143
69.21684899709554 71.56888276278143
2.1442830022902926 17.79292489699361
2.1442830022902926 17.79292489699361
2.1442830022902926 17.79292489699361
2.1442830022902926 17.79292489699361
2.1442830022902926 17.79292489699361
77.9099207041713 96.20582802745615
77.9099207041713 96.20582802745615
77.9099207041713 96.20582802745615
77.9099207041713 96.20582802745615
77.9099207041713 96.20582802745615
88.8414152956887 6.998005377985161
88.8414152956887 6.998005377985161
88.8414152956887 6.998005377985161
88.8414152956887 6.998005377985161
88.8414152956887 6.998005377985161
51.49907703655535 39.30098925099335
51.49907703655535 39.30098925099335
34.911056347054526 86.42230133354043
34.911056347054526 86.42230133354043
34.911056347054526 86.42230133354043
34.911056347054526 86.42230133354043
34.911056347054526 86.42230133354043
37.26415383248223 37.23822114211073
37.26415383248223 37.23822114211073
37.26415383248223 37.23822114211073
37.26415383248223 37.23822114211073
37.26415383248223 37.23822114211073
90.17117706770722 92.39433322537265
90.17117706770722 92.39433322537265
90.17117706770722 92.39433322537265
90.17117706770722 92.39433322537265
90.17117706770722 92.39433322537265
86.51654303161592 95.23048094146705
86.51654303161592 95.23048094146705
86.51654303161592 95.23048094146705
86.51654303161592 95.23048094146705
86.51654303161592 95.23048094146705
18.056682758565636 37.610274240516304
18.056682758565636 37.610274240516304
18.056682758565636 37.610274240516304
18.056682758565636 37.610274240516304
18.056682758565636 37.610274240516304
19.51207863704605 78.90529785616121
19.51207863704605 78.90529785616121
19.51207863704605 78.90529785616121
19.51207863704605 78.90529785616121
19.51207863704605 78.90529785616121
8.254627727116704 10.066020497532834
8.254627727116704 10.066020497532834
8.254627727116704 10.066020497532834
8.254627727116704 10.066020497532834
8.254627727116704 10.066020497532834
94.21279803091444 67.90929203134843
94.21279803091444 67.90929203134843
94.21279803091444 67.90929203134843
94.21279803091444 67.90929203134843
94.21279803091444 67.90929203134843
0.8757198776373487 32.886324089157306
0.8757198776373487 32.886324089157306
0.8757198776373487 32.886324089157306
0.8757198776373487 32.886324089157306
0.8757198776373487 32.886324089157306
48.23661321762657 14.546489659718208
48.23661321762657 14.546489659718208
77.23787436484623 20.84411250414697
77.23787436484623 20.84411250414697
77.23787436484623 20.84411250414697
77.23787436484623 20.84411250414697
77.23787436484623 20.84411250414697
90.20554061096517 51.35961698796109
90.20554061096517 51.35961698796109
90.20554061096517 51.35961698796109
90.20554061096517 51.35961698796109
90.20554061096517 51.35961698796109
3.321978219977728 97.3570957821803
3.321978219977728 97.3570957821803
3.321978219977728 97.3570957821803
3.321978219977728 97.3570957821803
3.321978219977728 97.3570957821803
81.92969114389638 76.42573764644817
81.92969114389638 76.42573764644817
81.92969114389638 76.42573764644817
81.92969114389638 76.42573764644817
81.92969114389638 76.42573764644817
93.26080056047988 29.937939736918974
93.26080056047988 29.937939736918974
93.26080056047988 29.937939736918974
93.26080056047988 29.937939736918974
93.26080056047988 29.937939736918974
95.04688858461334 10.794159759910482
95.04688858461334 10.794159759910482
95.04688858461334 10.794159759910482
95.04688858461334 10.794159759910482
95.04688858461334 10.794159759910482
38.12274260041547 76.28037221647482
38.12274260041547 76.28037221647482
38.12274260041547 76.28037221647482
38.12274260041547 76.28037221647482
38.12274260041547 76.28037221647482
34.17660764864906 48.818866267986834
34.17660764864906 48.818866267986834
34.17660764864906 48.818866267986834
34.17660764864906 48.818866267986834
17.98976047951909 97.39873840575336
17.98976047951909 97.39873840575336
17.98976047951909 97.39873840575336
17.98976047951909 97.39873840575336
17.98976047951909 97.39873840575336
25.392156108833774 23.638724076659635
25.392156108833774 23.638724076659635
25.392156108833774 23.638724076659635
25.392156108833774 23.638724076659635
25.392156108833774 23.638724076659635
33.797471229009915 7.304468996726987
33.797471229009915 7.304468996726987
33.797471229009915 7.304468996726987
33.797471229009915 7.304468996726987
33.797471229009915 7.304468996726987
94.32856716521492 58.988891024297
94.32856716521492 58.988891024297
94.32856716521492 58.988891024297
94.32856716521492 58.988891024297
94.32856716521492 58.988891024297
9.111188217775712 19.334504816819585
9.111188217775712 19.334504816819585
9.111188217775712 19.334504816819585
9.111188217775712 19.334504816819585
9.111188217775712 19.334504816819585
61.701709328639865 16.280578346241892
61.701709328639865 16.280578346241892
61.701709328639865 16.280578346241892
61.701709328639865 16.280578346241892
61.701709328639865 16.280578346241892
92.20783278993451 8.236092891238133
92.20783278993451 8.236092891238133
92.20783278993451 8.236092891238133
92.20783278993451 8.236092891238133
92.20783278993451 8.236092891238133
32.56567232989246 85.42763637610929
32.56567232989246 85.42763637610929
32.56567232989246 85.42763637610929
32.56567232989246 85.42763637610929
32.56567232989246 85.42763637610929
16.47972989557357 68.03028846304176
16.47972989557357 68.03028846304176
16.47972989557357 68.03028846304176
16.47972989557357 68.03028846304176
16.47972989557357 68.03028846304176
86.84806957584208 9.18345226374575
86.84806957584208 9.18345226374575
86.84806957584208 9.18345226374575
86.84806957584208 9.18345226374575
86.84806957584208 9.18345226374575
65.78702504620125 93.00444317570911
65.78702504620125 93.00444317570911
65.78702504620125 93.00444317570911
65.78702504620125 93.00444317570911
65.78702504620125 93.00444317570911
93.15779534557439 66.91833895395834
93.15779534557439 66.91833895395834
93.15779534557439 66.91833895395834
93.15779534557439 66.91833895395834
93.15779534557439 66.91833895395834
31.69097610356544 88.6756458406404
31.69097610356544 88.6756458406404
31.69097610356544 88.6756458406404
31.69097610356544 88.6756458406404
31.69097610356544 88.6756458406404
91.67609282656353 14.692123658204359
91.67609282656353 14.692123658204359
91.67609282656353 14.692123658204359
91.67609282656353 14.692123658204359
91.67609282656353 14.692123658204359
86.64908519099711 29.35328181594977
86.64908519099711 29.35328181594977
86.64908519099711 29.35328181594977
86.64908519099711 29.35328181594977
86.64908519099711 29.35328181594977
10.208011377532145 48.40856060234929
10.208011377532145 48.40856060234929
10.208011377532145 48.40856060234929
10.208011377532145 48.40856060234929
10.208011377532145 48.40856060234929
64.72301347292998 28.80151709815262
64.72301347292998 28.80151709815262
64.72301347292998 28.80151709815262
64.72301347292998 28.80151709815262
64.72301347292998 28.80151709815262
15.271866410902712 0.5127375513627075
15.271866410902712 0.5127375513627075
15.271866410902712 0.5127375513627075
15.271866410902712 0.5127375513627075
15.271866410902712 0.5127375513627075
56.686318833517056 12.960919283350636
56.686318833517056 12.960919283350636
8.278850473306099 81.63253290510049
8.278850473306099 81.63253290510049
8.278850473306099 81.63253290510049
8.278850473306099 81.63253290510049
8.278850473306099 81.63253290510049
92.66962173031195 27.185122741347122
92.66962173031195 27.185122741347122
92.66962173031195 27.185122741347122
92.66962173031195 27.185122741347122
92.66962173031195 27.185122741347122
3.8443572015953165 18.73782703048843
3.8443572015953165 18.73782703048843
3.8443572015953165 18.73782703048843
3.8443572015953165 18.73782703048843
3.8443572015953165 18.73782703048843
6.7470656714791355 32.41729105954325
6.7470656714791355 32.41729105954325
6.7470656714791355 32.41729105954325
6.7470656714791355 32.41729105954325
6.7470656714791355 32.41729105954325
69.362992522834 77.2128283589407
69.362992522834 77.2128283589407
69.362992522834 77.2128283589407
69.362992522834 77.2128283589407
69.362992522834 77.2128283589407
5.376846183129047 81.48812489158013
5.376846183129047 81.48812489158013
5.376846183129047 81.48812489158013
5.376846183129047 81.48812489158013
5.376846183129047 81.48812489158013
2.4696008660874624 54.78723222656545
2.4696008660874624 54.78723222656545
2.4696008660874624 54.78723222656545
2.4696008660874624 54.78723222656545
2.4696008660874624 54.78723222656545
11.46197676854337 1.5613368932470117
11.46197676854337 1.5613368932470117
11.46197676854337 1.5613368932470117
11.46197676854337 1.5613368932470117
11.46197676854337 1.5613368932470117
24.1109582787586 83.049227430972
24.1109582787586 83.049227430972
24.1109582787586 83.049227430972
24.1109582787586 83.049227430972
24.1109582787586 83.049227430972
13.968898302532951 41.231846263967796
13.968898302532951 41.231846263967796
13.968898302532951 41.231846263967796
13.968898302532951 41.231846263967796
13.968898302532951 41.231846263967796
25.787330175809807 54.244677715680425
25.787330175809807 54.244677715680425
25.787330175809807 54.244677715680425
25.787330175809807 54.244677715680425
99.5030736626034 6.416556340660873
99.5030736626034 6.416556340660873
99.5030736626034 6.416556340660873
99.5030736626034 6.416556340660873
99.5030736626034 6.416556340660873
95.32347150312607 6.519990485898585
95.32347150312607 6.519990485898585
95.32347150312607 6.519990485898585
95.32347150312607 6.519990485898585
95.32347150312607 6.519990485898585
65.20747601793533 4.619726997761253
65.20747601793533 4.619726997761253
65.20747601793533 4.619726997761253
65.20747601793533 4.619726997761253
65.20747601793533 4.619726997761253
17.472552817319865 54.573046480033035
17.472552817319865 54.573046480033035
17.472552817319865 54.573046480033035
17.472552817319865 54.573046480033035
17.472552817319865 54.573046480033035
31.229912305303042 69.07366745932012
31.229912305303042 69.07366745932012
31.229912305303042 69.07366745932012
31.229912305303042 69.07366745932012
31.229912305303042 69.07366745932012
69.75032700381276 2.626085005312462
69.75032700381276 2.626085005312462
69.75032700381276 2.626085005312462
69.75032700381276 2.626085005312462
69.75032700381276 2.626085005312462
95.92274759010908 89.44124360314119
95.92274759010908 89.44124360314119
95.92274759010908 89.44124360314119
95.92274759010908 89.44124360314119
95.92274759010908 89.44124360314119
4.96299840408998 74.38257460874551
4.96299840408998 74.38257460874551
4.96299840408998 74.38257460874551
4.96299840408998 74.38257460874551
4.96299840408998 74.38257460874551
37.85347635337367 83.54584907485845
37.85347635337367 83.54584907485845
37.85347635337367 83.54584907485845
37.85347635337367 83.54584907485845
37.85347635337367 83.54584907485845
73.82139267614384 84.20042740232397
73.82139267614384 84.20042740232397
73.82139267614384 84.20042740232397
73.82139267614384 84.20042740232397
73.82139267614384 84.20042740232397
28.434851168588583 47.1094764965282
28.434851168588583 47.1094764965282
28.434851168588583 47.1094764965282
28.434851168588583 47.1094764965282
71.9650937653099 82.87928577572306
71.9650937653099 82.87928577572306
71.9650937653099 82.87928577572306
71.9650937653099 82.87928577572306
71.9650937653099 82.87928577572306
89.78040560657195 51.42292895728566
89.78040560657195 51.42292895728566
89.78040560657195 51.42292895728566
89.78040560657195 51.42292895728566
89.78040560657195 51.42292895728566
15.945654621645344 37.17169918744969
15.945654621645344 37.17169918744969
15.945654621645344 37.17169918744969
15.945654621645344 37.17169918744969
15.945654621645344 37.17169918744969
0.11469026245016778 1.49572986945965
0.11469026245016778 1.49572986945965
0.11469026245016778 1.49572986945965
0.11469026245016778 1.49572986945965
0.11469026245016778 1.49572986945965
65.23098613195143 18.61010888745007
65.23098613195143 18.61010888745007
65.23098613195143 18.61010888745007
65.23098613195143 18.61010888745007
65.23098613195143 18.61010888745007
89.49973911766914 87.52371883315256
89.49973911766914 87.52371883315256
89.49973911766914 87.52371883315256
89.49973911766914 87.52371883315256
89.49973911766914 87.52371883315256
65.93404740041608 54.87489804208704
65.93404740041608 54.87489804208704
65.93404740041608 54.87489804208704
65.93404740041608 54.87489804208704
65.93404740041608 54.87489804208704
53.95925674304398 45.290586995099034
53.95925674304398 45.290586995099034
23.55012019142585 29.24519909101344
23.55012019142585 29.24519909101344
23.55012019142585 29.24519909101344
64.44843457050993 82.39254545753326
64.44843457050993 82.39254545753326
64.44843457050993 82.39254545753326
64.44843457050993 82.39254545753326
64.44843457050993 82.39254545753326
0.3990960447482039 6.585412356337283
0.3990960447482039 6.585412356337283
0.3990960447482039 6.585412356337283
0.3990960447482039 6.585412356337283
0.3990960447482039 6.585412356337283
22.67077625397128 8.542108026281758
22.67077625397128 8.542108026281758
22.67077625397128 8.542108026281758
22.67077625397128 8.542108026281758
22.67077625397128 8.542108026281758
82.9972789911601 15.129318672986148
82.9972789911601 15.129318672986148
82.9972789911601 15.129318672986148
82.9972789911601 15.129318672986148
82.9972789911601 15.129318672986148
19.05526065145984 13.366782372876251
19.05526065145984 13.366782372876251
19.05526065145984 13.366782372876251
19.05526065145984 13.366782372876251
19.05526065145984 13.366782372876251
53.38456438078693 23.556211055635423
53.38456438078693 23.556211055635423
82.47863825384172 56.03265294869342
82.47863825384172 56.03265294869342
82.47863825384172 56.03265294869342
82.47863825384172 56.03265294869342
82.47863825384172 56.03265294869342
32.40836825704273 60.14939825828329
32.40836825704273 60.14939825828329
32.40836825704273 60.14939825828329
32.40836825704273 60.14939825828329
32.40836825704273 60.14939825828329
49.94453546059985 46.18769453466537
49.94453546059985 46.18769453466537
65.76067267743785 43.42798457568753
65.76067267743785 43.42798457568753
65.76067267743785 43.42798457568753
65.76067267743785 43.42798457568753
65.76067267743785 43.42798457568753
86.35494283556412 28.63798742985857
86.35494283556412 28.63798742985857
86.35494283556412 28.63798742985857
86.35494283556412 28.63798742985857
86.35494283556412 28.63798742985857
8.845586913182313 23.789405123739872
8.845586913182313 23.789405123739872
8.845586913182313 23.789405123739872
8.845586913182313 23.789405123739872
8.845586913182313 23.789405123739872
22.26663663857683 28.94178173471298
22.26663663857683 28.94178173471298
22.26663663857683 28.94178173471298
77.67034754437732 25.103609290892404
77.67034754437732 25.103609290892404
77.67034754437732 25.103609290892404
77.67034754437732 25.103609290892404
77.67034754437732 25.103609290892404
60.246058207596086 56.9739406962716
60.246058207596086 56.9739406962716
60.246058207596086 56.9739406962716
60.246058207596086 56.9739406962716
60.246058207596086 56.9739406962716
59.81667286747867 50.81637593456324
59.81667286747867 50.81637593456324
59.81667286747867 50.81637593456324
59.81667286747867 50.81637593456324
59.81667286747867 50.81637593456324
6.255569059129751 35.92411062221231
6.255569059129751 35.92411062221231
6.255569059129751 35.92411062221231
6.255569059129751 35.92411062221231
6.255569059129751 35.92411062221231
16.428804240231663 18.04909780455459
16.428804240231663 18.04909780455459
16.428804240231663 18.04909780455459
71.24826434910652 50.820364762903516
80.01365677209671 58.520380717091946
80.01365677209671 58.520380717091946
80.01365677209671 58.520380717091946
80.01365677209671 58.520380717091946
80.01365677209671 58.520380717091946
82.42139135240753 21.114934070283464
82.42139135240753 21.114934070283464
82.42139135240753 21.114934070283464
82.42139135240753 21.114934070283464
82.42139135240753 21.114934070283464
39.168382738922425 41.51423659374209
39.168382738922425 41.51423659374209
39.168382738922425 41.51423659374209
39.168382738922425 41.51423659374209
39.168382738922425 41.51423659374209
84.87813677416948 73.49554913399587
84.87813677416948 73.49554913399587
84.87813677416948 73.49554913399587
84.87813677416948 73.49554913399587
84.87813677416948 73.49554913399587
93.04105143149255 38.70493540345073
93.04105143149255 38.70493540345073
93.04105143149255 38.70493540345073
93.04105143149255 38.70493540345073
93.04105143149255 38.70493540345073
8.416697116949013 52.40434776866022
8.416697116949013 52.40434776866022
8.416697116949013 52.40434776866022
8.416697116949013 52.40434776866022
8.416697116949013 52.40434776866022
2.1478836830082337 47.98230066699614
2.1478836830082337 47.98230066699614
2.1478836830082337 47.98230066699614
2.1478836830082337 47.98230066699614
2.1478836830082337 47.98230066699614
5.5266926092259805 21.022229147726325
5.5266926092259805 21.022229147726325
5.5266926092259805 21.022229147726325
5.5266926092259805 21.022229147726325
5.5266926092259805 21.022229147726325
56.306810127840215 48.37789327145317
56.306810127840215 48.37789327145317
56.306810127840215 48.37789327145317
56.306810127840215 48.37789327145317
56.306810127840215 48.37789327145317
20.02932505934172 60.08038695703206
20.02932505934172 60.08038695703206
20.02932505934172 60.08038695703206
20.02932505934172 60.08038695703206
20.02932505934172 60.08038695703206
66.90741881989699 5.34029837308233
66.90741881989699 5.34029837308233
66.90741881989699 5.34029837308233
66.90741881989699 5.34029837308233
66.90741881989699 5.34029837308233
13.028310065676063 81.02093834586006
13.028310065676063 81.02093834586006
13.028310065676063 81.02093834586006
13.028310065676063 81.02093834586006
13.028310065676063 81.02093834586006
9.075483451943967 62.42430424187463
9.075483451943967 62.42430424187463
9.075483451943967 62.42430424187463
9.075483451943967 62.42430424187463
9.075483451943967 62.42430424187463
93.12895204744382 93.96130593143808
93.12895204744382 93.96130593143808
93.12895204744382 93.96130593143808
93.12895204744382 93.96130593143808
93.12895204744382 93.96130593143808
12.097013226484332 45.37603048007045
12.097013226484332 45.37603048007045
12.097013226484332 45.37603048007045
12.097013226484332 45.37603048007045
12.097013226484332 45.37603048007045
90.41533262029355 74.5162073374091
90.41533262029355 74.5162073374091
90.41533262029355 74.5162073374091
90.41533262029355 74.5162073374091
90.41533262029355 74.5162073374091
87.42186118800089 20.441668192604933
87.42186118800089 20.441668192604933
87.42186118800089 20.441668192604933
87.42186118800089 20.441668192604933
87.42186118800089 20.441668192604933
10.810755857348076 53.93515409503521
10.810755857348076 53.93515409503521
10.810755857348076 53.93515409503521
10.810755857348076 53.93515409503521
10.810755857348076 53.93515409503521
0.04493683217032807 53.351575678588816
0.04493683217032807 53.351575678588816
0.04493683217032807 53.351575678588816
0.04493683217032807 53.351575678588816
0.04493683217032807 53.351575678588816
12.352922266025212 49.128558564947475
12.352922266025212 49.128558564947475
12.352922266025212 49.128558564947475
12.352922266025212 49.128558564947475
12.352922266025212 49.128558564947475
97.17753919674058 19.180865242297116
97.17753919674058 19.180865242297116
97.17753919674058 19.180865242297116
97.17753919674058 19.180865242297116
97.17753919674058 19.180865242297116
62.85583238605156 54.402094011547454
62.85583238605156 54.402094011547454
62.85583238605156 54.402094011547454
62.85583238605156 54.402094011547454
62.85583238605156 54.402094011547454
38.795070371157905 57.401576228006135
38.795070371157905 57.401576228006135
38.795070371157905 57.401576228006135
38.795070371157905 57.401576228006135
38.795070371157905 57.401576228006135
32.87309009540738 63.69072343000982
32.87309009540738 63.69072343000982
32.87309009540738 63.69072343000982
32.87309009540738 63.69072343000982
32.87309009540738 63.69072343000982
89.14981492788351 55.23179210273958
89.14981492788351 55.23179210273958
89.14981492788351 55.23179210273958
89.14981492788351 55.23179210273958
89.14981492788351 55.23179210273958
56.59007646321403 9.470132496079087
56.59007646321403 9.470132496079087
8.247582372227303 94.98494531960732
8.247582372227303 94.98494531960732
8.247582372227303 94.98494531960732
8.247582372227303 94.98494531960732
8.247582372227303 94.98494531960732
17.673176006011694 9.43079500306111
17.673176006011694 9.43079500306111
17.673176006011694 9.43079500306111
17.673176006011694 9.43079500306111
17.673176006011694 9.43079500306111
47.637073140105294 21.614485699070375
47.637073140105294 21.614485699070375
96.39071802745094 12.861059833548605
96.39071802745094 12.861059833548605
96.39071802745094 12.861059833548605
96.39071802745094 12.861059833548605
96.39071802745094 12.861059833548605
36.78668221872415 70.48832941495836
36.78668221872415 70.48832941495836
36.78668221872415 70.48832941495836
36.78668221872415 70.48832941495836
36.78668221872415 70.48832941495836
48.206425225095494 41.17567181424214
48.206425225095494 41.17567181424214
18.343854934882998 28.210913841184716
18.343854934882998 28.210913841184716
18.343854934882998 28.210913841184716
97.57821708685488 67.86255339239375
97.57821708685488 67.86255339239375
97.57821708685488 67.86255339239375
97.57821708685488 67.86255339239375
97.57821708685488 67.86255339239375
47.76574727407343 28.747893282560145
47.76574727407343 28.747893282560145
55.03886552699897 45.67044462293512
55.03886552699897 45.67044462293512
65.28371791744459 52.48907323491522
65.28371791744459 52.48907323491522
65.28371791744459 52.48907323491522
65.28371791744459 52.48907323491522
65.28371791744459 52.48907323491522
28.992955679842225 81.92159475441636
28.992955679842225 81.92159475441636
28.992955679842225 81.92159475441636
28.992955679842225 81.92159475441636
28.992955679842225 81.92159475441636
9.167065924587236 66.96246712313695
9.167065924587236 66.96246712313695
9.167065924587236 66.96246712313695
9.167065924587236 66.96246712313695
9.167065924587236 66.96246712313695
62.14905771109197 61.882279037650726
62.14905771109197 61.882279037650726
62.14905771109197 61.882279037650726
62.14905771109197 61.882279037650726
62.14905771109197 61.882279037650726
50.29071632916783 8.05836314498547
50.29071632916783 8.05836314498547
34.765368636763895 15.482714699128541
34.765368636763895 15.482714699128541
34.765368636763895 15.482714699128541
34.765368636763895 15.482714699128541
34.765368636763895 15.482714699128541
24.531773780851285 77.18512343043771
24.531773780851285 77.18512343043771
24.531773780851285 77.18512343043771
24.531773780851285 77.18512343043771
24.531773780851285 77.18512343043771
82.06637058338197 30.51195350949445
82.06637058338197 30.51195350949445
82.06637058338197 30.51195350949445
82.06637058338197 30.51195350949445
82.06637058338197 30.51195350949445
47.78568533680752 4.767609322552402
47.78568533680752 4.767609322552402
10.553952283064127 78.74938735745076
10.553952283064127 78.74938735745076
10.553952283064127 78.74938735745076
10.553952283064127 78.74938735745076
10.553952283064127 78.74938735745076
11.382506254634094 78.42456949665012
11.382506254634094 78.42456949665012
11.382506254634094 78.42456949665012
11.382506254634094 78.42456949665012
11.382506254634094 78.42456949665012
78.74053845059277 8.836794529706237
78.74053845059277 8.836794529706237
78.74053845059277 8.836794529706237
78.74053845059277 8.836794529706237
78.74053845059277 8.836794529706237
27.625472333748448 75.88601146991148
27.625472333748448 75.88601146991148
27.625472333748448 75.88601146991148
27.625472333748448 75.88601146991148
27.625472333748448 75.88601146991148
42.87328226852459 34.624720725983636
42.87328226852459 34.624720725983636
44.027367986124766 36.200095400638446
44.027367986124766 36.200095400638446
6.891878204654256 76.16001821561173
6.891878204654256 76.16001821561173
6.891878204654256 76.16001821561173
6.891878204654256 76.16001821561173
6.891878204654256 76.16001821561173
70.81183537633521 83.1923931432174
70.81183537633521 83.1923931432174
70.81183537633521 83.1923931432174
70.81183537633521 83.1923931432174
70.81183537633521 83.1923931432174
76.51546730013253 27.767973468589012
76.51546730013253 27.767973468589012
76.51546730013253 27.767973468589012
76.51546730013253 27.767973468589012
76.51546730013253 27.767973468589012
78.8840418052256 9.017127595948304
78.8840418052256 9.017127595948304
78.8840418052256 9.017127595948304
78.8840418052256 9.017127595948304
78.8840418052256 9.017127595948304
3.088444408445068 66.58430535830828
3.088444408445068 66.58430535830828
3.088444408445068 66.58430535830828
3.088444408445068 66.58430535830828
3.088444408445068 66.58430535830828
80.59142248612422 72.17685784796328
80.59142248612422 72.17685784796328
80.59142248612422 72.17685784796328
80.59142248612422 72.17685784796328
80.59142248612422 72.17685784796328
82.16755930920986 21.585712152011293
82.16755930920986 21.585712152011293
82.16755930920986 21.585712152011293
82.16755930920986 21.585712152011293
82.16755930920986 21.585712152011293
71.86005020507751 13.110271409488206
71.86005020507751 13.110271409488206
71.86005020507751 13.110271409488206
71.86005020507751 13.110271409488206
71.86005020507751 13.110271409488206
4.288155264746396 99.80712107053995
4.288155264746396 99.80712107053995
4.288155264746396 99.80712107053995
4.288155264746396 99.80712107053995
4.288155264746396 99.80712107053995
94.47886145426058 97.43532988195739
94.47886145426058 97.43532988195739
94.47886145426058 97.43532988195739
94.47886145426058 97.43532988195739
94.47886145426058 97.43532988195739
70.74497496951867 36.67884280248839
70.74497496951867 36.67884280248839
70.74497496951867 36.67884280248839
70.74497496951867 36.67884280248839
70.74497496951867 36.67884280248839
84.19871983816738 44.46774607771069
84.19871983816738 44.46774607771069
84.19871983816738 44.46774607771069
84.19871983816738 44.46774607771069
84.19871983816738 44.46774607771069
29.08876487704316 43.139568825081575
29.08876487704316 43.139568825081575
29.08876487704316 43.139568825081575
29.08876487704316 43.139568825081575
26.27473453184027 79.65150158855859
26.27473453184027 79.65150158855859
26.27473453184027 79.65150158855859
26.27473453184027 79.65150158855859
26.27473453184027 79.65150158855859
89.75817900250526 59.969541954748784
89.75817900250526 59.969541954748784
89.75817900250526 59.969541954748784
89.75817900250526 59.969541954748784
89.75817900250526 59.969541954748784
62.42430305145634 37.50275093067844
62.42430305145634 37.50275093067844
62.42430305145634 37.50275093067844
62.42430305145634 37.50275093067844
62.42430305145634 37.50275093067844
52.440980935988655 12.62003607491079
52.440980935988655 12.62003607491079
77.42722286382671 4.400696832888739
77.42722286382671 4.400696832888739
77.42722286382671 4.400696832888739
77.42722286382671 4.400696832888739
77.42722286382671 4.400696832888739
91.88044030760183 10.524162041410335
91.88044030760183 10.524162041410335
91.88044030760183 10.524162041410335
91.88044030760183 10.524162041410335
91.88044030760183 10.524162041410335
81.82821932007894 27.48293442484744
81.82821932007894 27.48293442484744
81.82821932007894 27.48293442484744
81.82821932007894 27.48293442484744
81.82821932007894 27.48293442484744
72.01269106760462 21.4176723416596
72.01269106760462 21.4176723416596
72.01269106760462 21.4176723416596
72.01269106760462 21.4176723416596
72.01269106760462 21.4176723416596
29.308477562964796 35.527511622035256
29.308477562964796 35.527511622035256
29.308477562964796 35.527511622035256
29.308477562964796 35.527511622035256
29.308477562964796 35.527511622035256
58.56465029747271 9.77369271112083
58.56465029747271 9.77369271112083
80.1580817924347 78.62488183332329
80.1580817924347 78.62488183332329
80.1580817924347 78.62488183332329
80.1580817924347 78.62488183332329
80.1580817924347 78.62488183332329
18.284852027959943 15.22530841896229
18.284852027959943 15.22530841896229
18.284852027959943 15.22530841896229
88.77313032936254 68.67367213953544
88.77313032936254 68.67367213953544
88.77313032936254 68.67367213953544
88.77313032936254 68.67367213953544
88.77313032936254 68.67367213953544
91.60661704158342 47.70955203083649
91.60661704158342 47.70955203083649
91.60661704158342 47.70955203083649
91.60661704158342 47.70955203083649
91.60661704158342 47.70955203083649
21.043378789887647 29.361147564723712
21.043378789887647 29.361147564723712
21.043378789887647 29.361147564723712
0.42230340353990314 27.815650561662874
0.42230340353990314 27.815650561662874
0.42230340353990314 27.815650561662874
0.42230340353990314 27.815650561662874
0.42230340353990314 27.815650561662874
6.074125540127229 11.731044397333324
6.074125540127229 11.731044397333324
6.074125540127229 11.731044397333324
6.074125540127229 11.731044397333324
6.074125540127229 11.731044397333324
65.98678338029046 52.86527496028876
65.98678338029046 52.86527496028876
65.98678338029046 52.86527496028876
65.98678338029046 52.86527496028876
65.98678338029046 52.86527496028876
84.57219520777474 82.14957903276868
84.57219520777474 82.14957903276868
84.57219520777474 82.14957903276868
84.57219520777474 82.14957903276868
84.57219520777474 82.14957903276868
32.6383224090358 41.75475329185807
32.6383224090358 41.75475329185807
32.6383224090358 41.75475329185807
32.6383224090358 41.75475329185807
14.085124661892944 20.109028691558606
14.085124661892944 20.109028691558606
14.085124661892944 20.109028691558606
14.085124661892944 20.109028691558606
14.085124661892944 20.109028691558606
38.93599584954571 23.49747820564848
38.93599584954571 23.49747820564848
38.93599584954571 23.49747820564848
38.93599584954571 23.49747820564848
38.93599584954571 23.49747820564848
1.8354819960214153 89.00149026199429
1.8354819960214153 89.00149026199429
1.8354819960214153 89.00149026199429
1.8354819960214153 89.00149026199429
1.8354819960214153 89.00149026199429
77.10059639833828 20.22663139630575
77.10059639833828 20.22663139630575
77.10059639833828 20.22663139630575
77.10059639833828 20.22663139630575
77.10059639833828 20.22663139630575
45.708858591811655 30.13451767340152
45.708858591811655 30.13451767340152
8.54308436211645 4.15170461528549
8.54308436211645 4.15170461528549
8.54308436211645 4.15170461528549
8.54308436211645 4.15170461528549
8.54308436211645 4.15170461528549
8.087734000487778 15.941136996329552
8.087734000487778 15.941136996329552
8.087734000487778 15.941136996329552
8.087734000487778 15.941136996329552
8.087734000487778 15.941136996329552
11.385696827343306 17.63912793606699
11.385696827343306 17.63912793606699
11.385696827343306 17.63912793606699
11.385696827343306 17.63912793606699
11.385696827343306 17.63912793606699
31.808000292051375 37.569101668520474
31.808000292051375 37.569101668520474
31.808000292051375 37.569101668520474
31.808000292051375 37.569101668520474
31.808000292051375 37.569101668520474
81.00382553292201 42.32577897516262
81.00382553292201 42.32577897516262
81.00382553292201 42.32577897516262
81.00382553292201 42.32577897516262
81.00382553292201 42.32577897516262
58.0237075910169 21.698994529035776
58.0237075910169 21.698994529035776
84.06150721829694 21.70692535093569
84.06150721829694 21.70692535093569
84.06150721829694 21.70692535093569
84.06150721829694 21.70692535093569
84.06150721829694 21.70692535093569
3.7367723470049907 89.58795276609483
3.7367723470049907 89.58795276609483
3.7367723470049907 89.58795276609483
3.7367723470049907 89.58795276609483
3.7367723470049907 89.58795276609483
55.924901181091094 17.7962273719666
55.924901181091094 17.7962273719666
18.20587453666208 48.42004537091318
18.20587453666208 48.42004537091318
18.20587453666208 48.42004537091318
18.20587453666208 48.42004537091318
18.20587453666208 48.42004537091318
82.91461668146448 86.79028181299799
82.91461668146448 86.79028181299799
82.91461668146448 86.79028181299799
82.91461668146448 86.79028181299799
82.91461668146448 86.79028181299799
28.077707764814242 90.52786964360038
28.077707764814242 90.52786964360038
28.077707764814242 90.52786964360038
28.077707764814242 90.52786964360038
28.077707764814242 90.52786964360038
51.21570809695027 44.44593166723092
51.21570809695027 44.44593166723092
6.264543526897159 10.975428283717292
6.264543526897159 10.975428283717292
6.264543526897159 10.975428283717292
6.264543526897159 10.975428283717292
6.264543526897159 10.975428283717292
5.908954317514681 37.95092390309765
5.908954317514681 37.95092390309765
5.908954317514681 37.95092390309765
5.908954317514681 37.95092390309765
5.908954317514681 37.95092390309765
97.74667131923562 94.84064635941074
97.74667131923562 94.84064635941074
97.74667131923562 94.84064635941074
97.74667131923562 94.84064635941074
97.74667131923562 94.84064635941074
81.4865052323765 56.12461497192375
81.4865052323765 56.12461497192375
81.4865052323765 56.12461497192375
81.4865052323765 56.12461497192375
81.4865052323765 56.12461497192375
3.1656986801540388 95.8576289144817
3.1656986801540388 95.8576289144817
3.1656986801540388 95.8576289144817
3.1656986801540388 95.8576289144817
3.1656986801540388 95.8576289144817
28.803119848669855 85.05347385915648
28.803119848669855 85.05347385915648
28.803119848669855 85.05347385915648
28.803119848669855 85.05347385915648
28.803119848669855 85.05347385915648
22.351092362603207 89.15429085255145
22.351092362603207 89.15429085255145
22.351092362603207 89.15429085255145
22.351092362603207 89.15429085255145
22.351092362603207 89.15429085255145
9.992866699771296 65.70822281899837
9.992866699771296 65.70822281899837
9.992866699771296 65.70822281899837
9.992866699771296 65.70822281899837
9.992866699771296 65.70822281899837
23.83104413948778 98.6226289517416
23.83104413948778 98.6226289517416
23.83104413948778 98.6226289517416
23.83104413948778 98.6226289517416
23.83104413948778 98.6226289517416
22.276517860393565 23.029917035968474
22.276517860393565 23.029917035968474
22.276517860393565 23.029917035968474
64.60322453030462 52.380977511187034
64.60322453030462 52.380977511187034
64.60322453030462 52.380977511187034
64.60322453030462 52.380977511187034
64.60322453030462 52.380977511187034
37.407358420647455 53.860081975338225
37.407358420647455 53.860081975338225
37.407358420647455 53.860081975338225
37.407358420647455 53.860081975338225
37.407358420647455 53.860081975338225
70.02402825419887 28.368514082055828
70.02402825419887 28.368514082055828
70.02402825419887 28.368514082055828
70.02402825419887 28.368514082055828
70.02402825419887 28.368514082055828
83.4587686364265 89.64663673999532
83.4587686364265 89.64663673999532
83.4587686364265 89.64663673999532
83.4587686364265 89.64663673999532
83.4587686364265 89.64663673999532
83.87382792735082 40.274006622378764
83.87382792735082 40.274006622378764
83.87382792735082 40.274006622378764
83.87382792735082 40.274006622378764
83.87382792735082 40.274006622378764
94.7744931912622 28.92036388323086
94.7744931912622 28.92036388323086
94.7744931912622 28.92036388323086
94.7744931912622 28.92036388323086
94.7744931912622 28.92036388323086
83.41948610593388 96.97845434479035
83.41948610593388 96.97845434479035
83.41948610593388 96.97845434479035
83.41948610593388 96.97845434479035
83.41948610593388 96.97845434479035
74.7573629415884 64.95106473815622
74.7573629415884 64.95106473815622
74.7573629415884 64.95106473815622
74.7573629415884 64.95106473815622
74.7573629415884 64.95106473815622
45.39263760985137 14.933594970927421
45.39263760985137 14.933594970927421
71.28136373008044 39.84284072668829
71.28136373008044 39.84284072668829
71.28136373008044 39.84284072668829
71.28136373008044 39.84284072668829
71.28136373008044 39.84284072668829
27.51872605553103 88.37824279845523
27.51872605553103 88.37824279845523
27.51872605553103 88.37824279845523
27.51872605553103 88.37824279845523
27.51872605553103 88.37824279845523
62.85756755642655 13.292436981796573
62.85756755642655 13.292436981796573
62.85756755642655 13.292436981796573
62.85756755642655 13.292436981796573
62.85756755642655 13.292436981796573
4.613530598119054 80.60813791942935
4.613530598119054 80.60813791942935
4.613530598119054 80.60813791942935
4.613530598119054 80.60813791942935
4.613530598119054 80.60813791942935
20.277669526550678 38.73260078693397
20.277669526550678 38.73260078693397
20.277669526550678 38.73260078693397
20.277669526550678 38.73260078693397
20.277669526550678 38.73260078693397
76.64245457068657 73.41112930876598
76.64245457068657 73.41112930876598
76.64245457068657 73.41112930876598
76.64245457068657 73.41112930876598
76.64245457068657 73.41112930876598
88.0516518739507 31.00710412996279
88.0516518739507 31.00710412996279
88.0516518739507 31.00710412996279
88.0516518739507 31.00710412996279
88.0516518739507 31.00710412996279
81.9886866352857 74.4223972320491
81.9886866352857 74.4223972320491
81.9886866352857 74.4223972320491
81.9886866352857 74.4223972320491
81.9886866352857 74.4223972320491
93.66618100467177 86.40318710069116
93.66618100467177 86.40318710069116
93.66618100467177 86.40318710069116
93.66618100467177 86.40318710069116
93.66618100467177 86.40318710069116
61.14903238213195 29.30854243503965
61.14903238213195 29.30854243503965
61.14903238213195 29.30854243503965
61.14903238213195 29.30854243503965
61.14903238213195 29.30854243503965
51.33005520446721 37.07229666551149
51.33005520446721 37.07229666551149
12.843558162707659 37.94026307912844
12.843558162707659 37.94026307912844
12.843558162707659 37.94026307912844
12.843558162707659 37.94026307912844
12.843558162707659 37.94026307912844
98.6799969549245 5.14179852249701
98.6799969549245 5.14179852249701
98.6799969549245 5.14179852249701
98.6799969549245 5.14179852249701
98.6799969549245 5.14179852249701
91.3552998503044 35.78799030125212
91.3552998503044 35.78799030125212
91.3552998503044 35.78799030125212
91.3552998503044 35.78799030125212
91.3552998503044 35.78799030125212
85.11643546980089 3.785030568337766
85.11643546980089 3.785030568337766
85.11643546980089 3.785030568337766
85.11643546980089 3.785030568337766
85.11643546980089 3.785030568337766
15.924787585305712 98.53699798168972
15.924787585305712 98.53699798168972
15.924787585305712 98.53699798168972
15.924787585305712 98.53699798168972
15.924787585305712 98.53699798168972
35.39707990031795 20.887051361759713
35.39707990031795 20.887051361759713
35.39707990031795 20.887051361759713
35.39707990031795 20.887051361759713
35.39707990031795 20.887051361759713
81.58297873036943 89.02274920650211
81.58297873036943 89.02274920650211
81.58297873036943 89.02274920650211
81.58297873036943 89.02274920650211
81.58297873036943 89.02274920650211
26.50534455946618 57.09485804031237
26.50534455946618 57.09485804031237
26.50534455946618 57.09485804031237
26.50534455946618 57.09485804031237
85.34259912502846 73.9649888563257
85.34259912502846 73.9649888563257
85.34259912502846 73.9649888563257
85.34259912502846 73.9649888563257
85.34259912502846 73.9649888563257
36.800332256251565 47.76722585698886
36.800332256251565 47.76722585698886
36.800332256251565 47.76722585698886
36.800332256251565 47.76722585698886
36.800332256251565 47.76722585698886
3.824213695974754 65.99717868896133
3.824213695974754 65.99717868896133
3.824213695974754 65.99717868896133
3.824213695974754 65.99717868896133
3.824213695974754 65.99717868896133
73.23477584013865 69.7323173399125
73.23477584013865 69.7323173399125
73.23477584013865 69.7323173399125
73.23477584013865 69.7323173399125
73.23477584013865 69.7323173399125
80.20843145118474 2.8873893749141843
80.20843145118474 2.8873893749141843
80.20843145118474 2.8873893749141843
80.20843145118474 2.8873893749141843
80.20843145118474 2.8873893749141843
82.42170923406692 8.499747737632434
82.42170923406692 8.499747737632434
82.42170923406692 8.499747737632434
82.42170923406692 8.499747737632434
82.42170923406692 8.499747737632434
60.65937046634576 53.56621176258821
60.65937046634576 53.56621176258821
60.65937046634576 53.56621176258821
60.65937046634576 53.56621176258821
60.65937046634576 53.56621176258821
61.82283181649372 38.078814824378135
61.82283181649372 38.078814824378135
61.82283181649372 38.078814824378135
61.82283181649372 38.078814824378135
61.82283181649372 38.078814824378135
35.70545464960557 71.48400777686254
35.70545464960557 71.48400777686254
35.70545464960557 71.48400777686254
35.70545464960557 71.48400777686254
35.70545464960557 71.48400777686254
6.976886322932419 78.10173783242234
6.976886322932419 78.10173783242234
6.976886322932419 78.10173783242234
6.976886322932419 78.10173783242234
6.976886322932419 78.10173783242234
68.16506824076816 25.60593975049438
68.16506824076816 25.60593975049438
68.16506824076816 25.60593975049438
68.16506824076816 25.60593975049438
68.16506824076816 25.60593975049438
48.56894964023919 27.837245414496593
48.56894964023919 27.837245414496593
58.26422732656146 24.198556971017094
58.26422732656146 24.198556971017094
78.28730322642592 38.30685383017038
78.28730322642592 38.30685383017038
78.28730322642592 38.30685383017038
78.28730322642592 38.30685383017038
78.28730322642592 38.30685383017038
28.461228857659783 16.95300878394671
28.461228857659783 16.95300878394671
28.461228857659783 16.95300878394671
28.461228857659783 16.95300878394671
28.461228857659783 16.95300878394671
69.04867029033585 64.6201597493371
69.04867029033585 64.6201597493371
69.04867029033585 64.6201597493371
69.04867029033585 64.6201597493371
69.04867029033585 64.6201597493371
64.69068270558333 95.81443992601712
64.69068270558333 95.81443992601712
64.69068270558333 95.81443992601712
64.69068270558333 95.81443992601712
64.69068270558333 95.81443992601712
0.551979323438212 48.67232699169454
0.551979323438212 48.67232699169454
0.551979323438212 48.67232699169454
0.551979323438212 48.67232699169454
0.551979323438212 48.67232699169454
68.03346071109507 79.16673589340816
68.03346071109507 79.16673589340816
68.03346071109507 79.16673589340816
68.03346071109507 79.16673589340816
68.03346071109507 79.16673589340816
35.07170802175047 29.683854599741267
35.07170802175047 29.683854599741267
35.07170802175047 29.683854599741267
35.07170802175047 29.683854599741267
35.07170802175047 29.683854599741267
32.69146628125627 15.727313671132915
32.69146628125627 15.727313671132915
32.69146628125627 15.727313671132915
32.69146628125627 15.727313671132915
32.69146628125627 15.727313671132915
88.43247108554955 17.278390113610463
88.43247108554955 17.278390113610463
88.43247108554955 17.278390113610463
88.43247108554955 17.278390113610463
88.43247108554955 17.278390113610463
99.76626783933895 92.32770453018604
99.76626783933895 92.32770453018604
99.76626783933895 92.32770453018604
99.76626783933895 92.32770453018604
99.76626783933895 92.32770453018604
97.58293119951121 24.838565148333934
97.58293119951121 24.838565148333934
97.58293119951121 24.838565148333934
97.58293119951121 24.838565148333934
97.58293119951121 24.838565148333934
40.35306313954686 43.34204461066403
40.35306313954686 43.34204461066403
99.01362851653592 90.43079287692173
99.01362851653592 90.43079287692173
99.01362851653592 90.43079287692173
99.01362851653592 90.43079287692173
99.01362851653592 90.43079287692173
39.787920880659186 72.32199634244937
39.787920880659186 72.32199634244937
39.787920880659186 72.32199634244937
39.787920880659186 72.32199634244937
39.787920880659186 72.32199634244937
27.50478587513304 18.005976618660668
27.50478587513304 18.005976618660668
27.50478587513304 18.005976618660668
27.50478587513304 18.005976618660668
27.50478587513304 18.005976618660668
71.72816234187489 43.47185782122723
18.60385220703349 80.72549753524706
18.60385220703349 80.72549753524706
18.60385220703349 80.72549753524706
18.60385220703349 80.72549753524706
18.60385220703349 80.72549753524706
33.032148829576194 83.16574110301741
33.032148829576194 83.16574110301741
33.032148829576194 83.16574110301741
33.032148829576194 83.16574110301741
33.032148829576194 83.16574110301741
9.8731483293519 24.8129394040293
9.8731483293519 24.8129394040293
9.8731483293519 24.8129394040293
9.8731483293519 24.8129394040293
9.8731483293519 24.8129394040293
67.8724736032699 0.1443951530223031
67.8724736032699 0.1443951530223031
67.8724736032699 0.1443951530223031
67.8724736032699 0.1443951530223031
67.8724736032699 0.1443951530223031
68.68312971196605 62.83273645170991
68.68312971196605 62.83273645170991
68.68312971196605 62.83273645170991
68.68312971196605 62.83273645170991
68.68312971196605 62.83273645170991
17.583659727612964 84.90914770404291
17.583659727612964 84.90914770404291
17.583659727612964 84.90914770404291
17.583659727612964 84.90914770404291
17.583659727612964 84.90914770404291
63.48145814429478 34.884881442578184
63.48145814429478 34.884881442578184
63.48145814429478 34.884881442578184
63.48145814429478 34.884881442578184
63.48145814429478 34.884881442578184
63.05089944742601 73.02583834203699
63.05089944742601 73.02583834203699
63.05089944742601 73.02583834203699
63.05089944742601 73.02583834203699
63.05089944742601 73.02583834203699
70.3818815178566 24.719194593004545
70.3818815178566 24.719194593004545
70.3818815178566 24.719194593004545
70.3818815178566 24.719194593004545
70.3818815178566 24.719194593004545
13.514544473924417 28.591526625022603
13.514544473924417 28.591526625022603
13.514544473924417 28.591526625022603
13.514544473924417 28.591526625022603
13.514544473924417 28.591526625022603
58.969567104545575 5.505959101882263
58.969567104545575 5.505959101882263
88.69730781015127 51.04330164776433
88.69730781015127 51.04330164776433
88.69730781015127 51.04330164776433
88.69730781015127 51.04330164776433
88.69730781015127 51.04330164776433
73.9194220570522 80.32915244319749
73.9194220570522 80.32915244319749
73.9194220570522 80.32915244319749
73.9194220570522 80.32915244319749
73.9194220570522 80.32915244319749
11.469728899066956 66.00604756877996
11.469728899066956 66.00604756877996
11.469728899066956 66.00604756877996
11.469728899066956 66.00604756877996
11.469728899066956 66.00604756877996
79.22398706914124 44.78105714395058
63.838975216052376 18.570558905393895
63.838975216052376 18.570558905393895
63.838975216052376 18.570558905393895
63.838975216052376 18.570558905393895
63.838975216052376 18.570558905393895
14.091294099684859 83.83518902965776
14.091294099684859 83.83518902965776
14.091294099684859 83.83518902965776
14.091294099684859 83.83518902965776
14.091294099684859 83.83518902965776
53.10059208710558 1.125971350947974
53.10059208710558 1.125971350947974
58.63011671277103 28.09989464410212
58.63011671277103 28.09989464410212
86.05941519835906 17.595571397059516
86.05941519835906 17.595571397059516
86.05941519835906 17.595571397059516
86.05941519835906 17.595571397059516
86.05941519835906 17.595571397059516
86.87402012345026 75.74402644549856
86.87402012345026 75.74402644549856
86.87402012345026 75.74402644549856
86.87402012345026 75.74402644549856
86.87402012345026 75.74402644549856
42.89901240641419 34.6928970267423
42.89901240641419 34.6928970267423
2.1818381629808092 49.03133909627368
2.1818381629808092 49.03133909627368
2.1818381629808092 49.03133909627368
2.1818381629808092 49.03133909627368
2.1818381629808092 49.03133909627368
72.22889246894194 0.5143652873741189
72.22889246894194 0.5143652873741189
72.22889246894194 0.5143652873741189
72.22889246894194 0.5143652873741189
72.22889246894194 0.5143652873741189
86.69188514706568 53.361963743995744
86.69188514706568 53.361963743995744
86.69188514706568 53.361963743995744
86.69188514706568 53.361963743995744
86.69188514706568 53.361963743995744
69.47614982058607 23.21877395258514
69.47614982058607 23.21877395258514
69.47614982058607 23.21877395258514
69.47614982058607 23.21877395258514
69.47614982058607 23.21877395258514
34.88319089910243 35.922040503870925
34.88319089910243 35.922040503870925
34.88319089910243 35.922040503870925
34.88319089910243 35.922040503870925
34.88319089910243 35.922040503870925
47.55531723586483 34.47591622956998
47.55531723586483 34.47591622956998
37.58754426582487 54.41588910262419
37.58754426582487 54.41588910262419
37.58754426582487 54.41588910262419
37.58754426582487 54.41588910262419
37.58754426582487 54.41588910262419
65.04631918975873 92.60070501730246
65.04631918975873 92.60070501730246
65.04631918975873 92.60070501730246
65.04631918975873 92.60070501730246
65.04631918975873 92.60070501730246
76.186159064245 5.0002254650084454
76.186159064245 5.0002254650084454
76.186159064245 5.0002254650084454
76.186159064245 5.0002254650084454
76.186159064245 5.0002254650084454
61.84884313079417 25.991021487792963
61.84884313079417 25.991021487792963
61.84884313079417 25.991021487792963
61.84884313079417 25.991021487792963
61.84884313079417 25.991021487792963
66.24984112470696 94.4109280721459
66.24984112470696 94.4109280721459
66.24984112470696 94.4109280721459
66.24984112470696 94.4109280721459
66.24984112470696 94.4109280721459
46.76904848652973 11.957533438882884
46.76904848652973 11.957533438882884
4.559506122394286 40.4233619886643
4.559506122394286 40.4233619886643
4.559506122394286 40.4233619886643
4.559506122394286 40.4233619886643
4.559506122394286 40.4233619886643
75.84914447173003 96.87853720178435
75.84914447173003 96.87853720178435
75.84914447173003 96.87853720178435
75.84914447173003 96.87853720178435
75.84914447173003 96.87853720178435
56.247893651466484 49.990577705305974
56.247893651466484 49.990577705305974
56.247893651466484 49.990577705305974
56.247893651466484 49.990577705305974
56.247893651466484 49.990577705305974
41.65266795223261 11.158004200968808
41.65266795223261 11.158004200968808
72.36558878121899 83.37756828419444
72.36558878121899 83.37756828419444
72.36558878121899 83.37756828419444
72.36558878121899 83.37756828419444
72.36558878121899 83.37756828419444
33.8961498683789 88.1222403349678
33.8961498683789 88.1222403349678
33.8961498683789 88.1222403349678
33.8961498683789 88.1222403349678
33.8961498683789 88.1222403349678
86.6235977397898 0.43436647901474723
86.6235977397898 0.43436647901474723
86.6235977397898 0.43436647901474723
86.6235977397898 0.43436647901474723
86.6235977397898 0.43436647901474723
5.612178215621622 67.93327827716308
5.612178215621622 67.93327827716308
5.612178215621622 67.93327827716308
5.612178215621622 67.93327827716308
5.612178215621622 67.93327827716308
53.35456358666448 4.668686530216104
53.35456358666448 4.668686530216104
98.24350782977416 24.101463366765717
98.24350782977416 24.101463366765717
98.24350782977416 24.101463366765717
98.24350782977416 24.101463366765717
98.24350782977416 24.101463366765717
60.641863557312014 70.95720829711472
60.641863557312014 70.95720829711472
60.641863557312014 70.95720829711472
60.641863557312014 70.95720829711472
60.641863557312014 70.95720829711472
21.843674020780522 65.00579627981547
21.843674020780522 65.00579627981547
21.843674020780522 65.00579627981547
21.843674020780522 65.00579627981547
21.843674020780522 65.00579627981547
30.5962716542474 12.329219358171228
30.5962716542474 12.329219358171228
30.5962716542474 12.329219358171228
30.5962716542474 12.329219358171228
30.5962716542474 12.329219358171228
26.10713073763128 65.37505963921593
26.10713073763128 65.37505963921593
26.10713073763128 65.37505963921593
26.10713073763128 65.37505963921593
26.10713073763128 65.37505963921593
79.52149591364784 86.1433403469581
79.52149591364784 86.1433403469581
79.52149591364784 86.1433403469581
79.52149591364784 86.1433403469581
79.52149591364784 86.1433403469581
57.801013791931 36.28119662048861
57.801013791931 36.28119662048861
30.59843128006551 71.84714371048442
30.59843128006551 71.84714371048442
30.59843128006551 71.84714371048442
30.59843128006551 71.84714371048442
30.59843128006551 71.84714371048442
63.81428133515925 35.90098004304231
63.81428133515925 35.90098004304231
63.81428133515925 35.90098004304231
63.81428133515925 35.90098004304231
63.81428133515925 35.90098004304231
75.72987090705044 46.762727908159164
33.098905148339185 56.88449450995029
33.098905148339185 56.88449450995029
33.098905148339185 56.88449450995029
33.098905148339185 56.88449450995029
31.228864182826165 47.99649085172155
31.228864182826165 47.99649085172155
31.228864182826165 47.99649085172155
31.228864182826165 47.99649085172155
27.713422454883553 74.40730263424643
27.713422454883553 74.40730263424643
27.713422454883553 74.40730263424643
27.713422454883553 74.40730263424643
27.713422454883553 74.40730263424643
72.38293816028822 60.1983419779508
72.38293816028822 60.1983419779508
72.38293816028822 60.1983419779508
72.38293816028822 60.1983419779508
72.38293816028822 60.1983419779508
28.98445528627518 70.072224913449
28.98445528627518 70.072224913449
28.98445528627518 70.072224913449
28.98445528627518 70.072224913449
28.98445528627518 70.072224913449
3.417978468734406 16.509515016698206
3.417978468734406 16.509515016698206
3.417978468734406 16.509515016698206
3.417978468734406 16.509515016698206
3.417978468734406 16.509515016698206
92.49188767627888 31.429270742495184
92.49188767627888 31.429270742495184
92.49188767627888 31.429270742495184
92.49188767627888 31.429270742495184
92.49188767627888 31.429270742495184
2.296946717774073 31.055360720218673
2.296946717774073 31.055360720218673
2.296946717774073 31.055360720218673
2.296946717774073 31.055360720218673
2.296946717774073 31.055360720218673
80.8102056919851 96.58646730918491
80.8102056919851 96.58646730918491
80.8102056919851 96.58646730918491
80.8102056919851 96.58646730918491
80.8102056919851 96.58646730918491
38.96522654106002 82.83140575970603
38.96522654106002 82.83140575970603
38.96522654106002 82.83140575970603
38.96522654106002 82.83140575970603
38.96522654106002 82.83140575970603
98.27405431109585 16.05650289982489
98.27405431109585 16.05650289982489
98.27405431109585 16.05650289982489
98.27405431109585 16.05650289982489
98.27405431109585 16.05650289982489
66.80549949026884 75.95856658840283
66.80549949026884 75.95856658840283
66.80549949026884 75.95856658840283
66.80549949026884 75.95856658840283
66.80549949026884 75.95856658840283
28.943521724452715 83.8289940231556
28.943521724452715 83.8289940231556
28.943521724452715 83.8289940231556
28.943521724452715 83.8289940231556
28.943521724452715 83.8289940231556
5.9834020805741295 43.95850685215874
5.9834020805741295 43.95850685215874
5.9834020805741295 43.95850685215874
5.9834020805741295 43.95850685215874
5.9834020805741295 43.95850685215874
36.5828677008166 39.858498444343425
36.5828677008166 39.858498444343425
36.5828677008166 39.858498444343425
36.5828677008166 39.858498444343425
36.5828677008166 39.858498444343425
1.1824415221474371 11.063773322447346
1.1824415221474371 11.063773322447346
1.1824415221474371 11.063773322447346
1.1824415221474371 11.063773322447346
1.1824415221474371 11.063773322447346
44.472751781628695 30.85255504618353
44.472751781628695 30.85255504618353
14.287435657463444 85.43697851553408
14.287435657463444 85.43697851553408
14.287435657463444 85.43697851553408
14.287435657463444 85.43697851553408
14.287435657463444 85.43697851553408
28.175741349305248 23.628852567649783
28.175741349305248 23.628852567649783
28.175741349305248 23.628852567649783
28.175741349305248 23.628852567649783
28.175741349305248 23.628852567649783
82.22435588079985 30.054864312662446
82.22435588079985 30.054864312662446
82.22435588079985 30.054864312662446
82.22435588079985 30.054864312662446
82.22435588079985 30.054864312662446
70.78761059265976 70.92287827641357
70.78761059265976 70.92287827641357
70.78761059265976 70.92287827641357
70.78761059265976 70.92287827641357
70.78761059265976 70.92287827641357
38.53998335561225 59.538429072373965
38.53998335561225 59.538429072373965
38.53998335561225 59.538429072373965
38.53998335561225 59.538429072373965
38.53998335561225 59.538429072373965
89.59047301320527 7.569209010594591
89.59047301320527 7.569209010594591
89.59047301320527 7.569209010594591
89.59047301320527 7.569209010594591
89.59047301320527 7.569209010594591
19.742625950340496 94.48563294499598
19.742625950340496 94.48563294499598
19.742625950340496 94.48563294499598
19.742625950340496 94.48563294499598
19.742625950340496 94.48563294499598
83.01955812575912 41.20229491614822
83.01955812575912 41.20229491614822
83.01955812575912 41.20229491614822
83.01955812575912 41.20229491614822
83.01955812575912 41.20229491614822
6.688172185017482 41.17850689389787
6.688172185017482 41.17850689389787
6.688172185017482 41.17850689389787
6.688172185017482 41.17850689389787
6.688172185017482 41.17850689389787
34.876216327936795 63.20402788076637
34.876216327936795 63.20402788076637
34.876216327936795 63.20402788076637
34.876216327936795 63.20402788076637
34.876216327936795 63.20402788076637
83.62419094320198 79.69840056329822
83.62419094320198 79.69840056329822
83.62419094320198 79.69840056329822
83.62419094320198 79.69840056329822
83.62419094320198 79.69840056329822
66.42085516210811 39.80234230659598
66.42085516210811 39.80234230659598
66.42085516210811 39.80234230659598
66.42085516210811 39.80234230659598
66.42085516210811 39.80234230659598
65.314619722058 83.33503650855498
65.314619722058 83.33503650855498
65.314619722058 83.33503650855498
65.314619722058 83.33503650855498
65.314619722058 83.33503650855498
14.173205962412805 73.22396134314447
14.173205962412805 73.22396134314447
14.173205962412805 73.22396134314447
14.173205962412805 73.22396134314447
14.173205962412805 73.22396134314447
32.876192013819015 79.28449855300657
32.876192013819015 79.28449855300657
32.876192013819015 79.28449855300657
32.876192013819015 79.28449855300657
32.876192013819015 79.28449855300657
61.74738769098772 70.67318561774454
61.74738769098772 70.67318561774454
61.74738769098772 70.67318561774454
61.74738769098772 70.67318561774454
61.74738769098772 70.67318561774454
85.91578571092047 57.462858020593465
85.91578571092047 57.462858020593465
85.91578571092047 57.462858020593465
85.91578571092047 57.462858020593465
85.91578571092047 57.462858020593465
34.439622644538815 52.608040815037945
34.439622644538815 52.608040815037945
34.439622644538815 52.608040815037945
34.439622644538815 52.608040815037945
28.51921812455117 17.795922846402256
28.51921812455117 17.795922846402256
28.51921812455117 17.795922846402256
28.51921812455117 17.795922846402256
28.51921812455117 17.795922846402256
81.52039737841199 23.89140810950172
81.52039737841199 23.89140810950172
81.52039737841199 23.89140810950172
81.52039737841199 23.89140810950172
81.52039737841199 23.89140810950172
78.80862571050746 32.32758497744157
78.80862571050746 32.32758497744157
78.80862571050746 32.32758497744157
78.80862571050746 32.32758497744157
78.80862571050746 32.32758497744157
29.75186637063708 49.67665383203788
29.75186637063708 49.67665383203788
29.75186637063708 49.67665383203788
29.75186637063708 49.67665383203788
39.019231118662944 67.27412346578343
39.019231118662944 67.27412346578343
39.019231118662944 67.27412346578343
39.019231118662944 67.27412346578343
39.019231118662944 67.27412346578343
8.37138628467452 2.7733478073434847
8.37138628467452 2.7733478073434847
8.37138628467452 2.7733478073434847
8.37138628467452 2.7733478073434847
8.37138628467452 2.7733478073434847
38.59098041804986 35.93273560533561
38.59098041804986 35.93273560533561
38.59098041804986 35.93273560533561
38.59098041804986 35.93273560533561
38.59098041804986 35.93273560533561
73.22803369635567 81.25016102322697
73.22803369635567 81.25016102322697
73.22803369635567 81.25016102322697
73.22803369635567 81.25016102322697
73.22803369635567 81.25016102322697
41.61832471475652 12.643006903634667
41.61832471475652 12.643006903634667
79.41192547673852 4.876320483878748
79.41192547673852 4.876320483878748
79.41192547673852 4.876320483878748
79.41192547673852 4.876320483878748
79.41192547673852 4.876320483878748
76.84467277052363 85.42172977769795
76.84467277052363 85.42172977769795
76.84467277052363 85.42172977769795
76.84467277052363 85.42172977769795
76.84467277052363 85.42172977769795
42.252638839384616 40.90260295620046
42.252638839384616 40.90260295620046
36.396953691729614 63.15555433947817
36.396953691729614 63.15555433947817
36.396953691729614 63.15555433947817
36.396953691729614 63.15555433947817
36.396953691729614 63.15555433947817
30.10230123471024 83.49620028533546
30.10230123471024 83.49620028533546
30.10230123471024 83.49620028533546
30.10230123471024 83.49620028533546
30.10230123471024 83.49620028533546
47.23053123402614 37.08837657832421
47.23053123402614 37.08837657832421
75.83786392928597 39.256160910689296
75.83786392928597 39.256160910689296
75.83786392928597 39.256160910689296
75.83786392928597 39.256160910689296
75.83786392928597 39.256160910689296
60.17264603306515 66.79752232387601
60.17264603306515 66.79752232387601
60.17264603306515 66.79752232387601
60.17264603306515 66.79752232387601
60.17264603306515 66.79752232387601
96.15977885874135 99.01577940240446
96.15977885874135 99.01577940240446
96.15977885874135 99.01577940240446
96.15977885874135 99.01577940240446
96.15977885874135 99.01577940240446
30.53225531447943 29.163019169883718
30.53225531447943 29.163019169883718
30.53225531447943 29.163019169883718
30.53225531447943 29.163019169883718
30.53225531447943 29.163019169883718
4.088707262682057 85.91246218252508
4.088707262682057 85.91246218252508
4.088707262682057 85.91246218252508
4.088707262682057 85.91246218252508
4.088707262682057 85.91246218252508
66.00344324834842 76.77049934235266
66.00344324834842 76.77049934235266
66.00344324834842 76.77049934235266
66.00344324834842 76.77049934235266
66.00344324834842 76.77049934235266
3.8452730978002947 24.570876505890848
3.8452730978002947 24.570876505890848
3.8452730978002947 24.570876505890848
3.8452730978002947 24.570876505890848
3.8452730978002947 24.570876505890848
81.68333003919797 65.28800206697134
81.68333003919797 65.28800206697134
81.68333003919797 65.28800206697134
81.68333003919797 65.28800206697134
81.68333003919797 65.28800206697134
85.33783196765273 73.01107775814074
85.33783196765273 73.01107775814074
85.33783196765273 73.01107775814074
85.33783196765273 73.01107775814074
85.33783196765273 73.01107775814074
70.76220532954025 73.89470561549889
70.76220532954025 73.89470561549889
70.76220532954025 73.89470561549889
70.76220532954025 73.89470561549889
70.76220532954025 73.89470561549889
49.99069013775376 23.14379849581848
49.99069013775376 23.14379849581848
10.900759985698215 88.96603323877406
10.900759985698215 88.96603323877406
10.900759985698215 88.96603323877406
10.900759985698215 88.96603323877406
10.900759985698215 88.96603323877406
80.32481168185282 80.25824135159209
80.32481168185282 80.25824135159209
80.32481168185282 80.25824135159209
80.32481168185282 80.25824135159209
80.32481168185282 80.25824135159209
84.28000721606598 61.79936814989389
84.28000721606598 61.79936814989389
84.28000721606598 61.79936814989389
84.28000721606598 61.79936814989389
84.28000721606598 61.79936814989389
95.06968674242839 24.054465306296546
95.06968674242839 24.054465306296546
95.06968674242839 24.054465306296546
95.06968674242839 24.054465306296546
95.06968674242839 24.054465306296546
89.54847182218282 75.06538348605115
89.54847182218282 75.06538348605115
89.54847182218282 75.06538348605115
89.54847182218282 75.06538348605115
89.54847182218282 75.06538348605115
37.99131621359074 21.082787461128817
37.99131621359074 21.082787461128817
37.99131621359074 21.082787461128817
37.99131621359074 21.082787461128817
37.99131621359074 21.082787461128817
31.941719751159102 93.6380218395871
31.941719751159102 93.6380218395871
31.941719751159102 93.6380218395871
31.941719751159102 93.6380218395871
31.941719751159102 93.6380218395871
26.320184469236242 21.932123012360925
26.320184469236242 21.932123012360925
26.320184469236242 21.932123012360925
26.320184469236242 21.932123012360925
26.320184469236242 21.932123012360925
95.96085517234864 78.04643105745133
95.96085517234864 78.04643105745133
95.96085517234864 78.04643105745133
95.96085517234864 78.04643105745133
95.96085517234864 78.04643105745133
3.5099621411323056 70.22100497246562
3.5099621411323056 70.22100497246562
3.5099621411323056 70.22100497246562
3.5099621411323056 70.22100497246562
3.5099621411323056 70.22100497246562
91.70782638980074 90.75666386888393
91.70782638980074 90.75666386888393
91.70782638980074 90.75666386888393
91.70782638980074 90.75666386888393
91.70782638980074 90.75666386888393
0.9943721677497019 28.95825328010052
0.9943721677497019 28.95825328010052
0.9943721677497019 28.95825328010052
0.9943721677497019 28.95825328010052
0.9943721677497019 28.95825328010052
41.38277464005379 24.620844464262902
41.38277464005379 24.620844464262902
35.375719368511724 90.22182791446781
35.375719368511724 90.22182791446781
35.375719368511724 90.22182791446781
35.375719368511724 90.22182791446781
35.375719368511724 90.22182791446781
59.39643612481178 30.43094240812475
59.39643612481178 30.43094240812475
77.61466834148895 48.06038004939207
58.067606556757866 43.36702888256099
58.067606556757866 43.36702888256099
75.37230140823038 11.800335494084536
75.37230140823038 11.800335494084536
75.37230140823038 11.800335494084536
75.37230140823038 11.800335494084536
75.37230140823038 11.800335494084536
7.580373637597749 3.949214334239437
7.580373637597749 3.949214334239437
7.580373637597749 3.949214334239437
7.580373637597749 3.949214334239437
7.580373637597749 3.949214334239437
28.824301682118502 8.573286865258522
28.824301682118502 8.573286865258522
28.824301682118502 8.573286865258522
28.824301682118502 8.573286865258522
28.824301682118502 8.573286865258522
38.10489118414166 55.20102514557546
38.10489118414166 55.20102514557546
38.10489118414166 55.20102514557546
38.10489118414166 55.20102514557546
38.10489118414166 55.20102514557546
70.08211707567288 4.77335498131739
70.08211707567288 4.77335498131739
70.08211707567288 4.77335498131739
70.08211707567288 4.77335498131739
70.08211707567288 4.77335498131739
98.70548711712918 93.80582639382484
98.70548711712918 93.80582639382484
98.70548711712918 93.80582639382484
98.70548711712918 93.80582639382484
98.70548711712918 93.80582639382484
19.28312856936004 15.287420828931342
19.28312856936004 15.287420828931342
19.28312856936004 15.287420828931342
8.702617118123735 59.25722018877239
8.702617118123735 59.25722018877239
8.702617118123735 59.25722018877239
8.702617118123735 59.25722018877239
8.702617118123735 59.25722018877239
9.083150784318573 32.302449653981505
9.083150784318573 32.302449653981505
9.083150784318573 32.302449653981505
9.083150784318573 32.302449653981505
9.083150784318573 32.302449653981505
66.01203702040108 80.0950725944655
66.01203702040108 80.0950725944655
66.01203702040108 80.0950725944655
66.01203702040108 80.0950725944655
66.01203702040108 80.0950725944655
24.425401473443774 5.639747179795396
24.425401473443774 5.639747179795396
24.425401473443774 5.639747179795396
24.425401473443774 5.639747179795396
24.425401473443774 5.639747179795396
38.90186216162495 31.396308552509744
38.90186216162495 31.396308552509744
38.90186216162495 31.396308552509744
38.90186216162495 31.396308552509744
38.90186216162495 31.396308552509744
12.428478564837075 44.996894363068876
12.428478564837075 44.996894363068876
12.428478564837075 44.996894363068876
12.428478564837075 44.996894363068876
12.428478564837075 44.996894363068876
27.91426806799563 32.4406579762895
27.91426806799563 32.4406579762895
27.91426806799563 32.4406579762895
27.91426806799563 32.4406579762895
27.91426806799563 32.4406579762895
84.0401993760701 77.13474584956299
84.0401993760701 77.13474584956299
84.0401993760701 77.13474584956299
84.0401993760701 77.13474584956299
84.0401993760701 77.13474584956299
70.87058419917005 10.613032371606824
70.87058419917005 10.613032371606824
70.87058419917005 10.613032371606824
70.87058419917005 10.613032371606824
70.87058419917005 10.613032371606824
67.11073926998031 24.857733111260238
67.11073926998031 24.857733111260238
67.11073926998031 24.857733111260238
67.11073926998031 24.857733111260238
67.11073926998031 24.857733111260238
28.63089722489581 76.246324287268
28.63089722489581 76.246324287268
28.63089722489581 76.246324287268
28.63089722489581 76.246324287268
28.63089722489581 76.246324287268
46.934836437530194 43.70846679247137
46.934836437530194 43.70846679247137
88.63261878599464 92.80150101018685
88.63261878599464 92.80150101018685
88.63261878599464 92.80150101018685
88.63261878599464 92.80150101018685
88.63261878599464 92.80150101018685
84.6241960468106 41.48583623350015
84.6241960468106 41.48583623350015
84.6241960468106 41.48583623350015
84.6241960468106 41.48583623350015
84.6241960468106 41.48583623350015
88.07145019104205 3.405259075405942
88.07145019104205 3.405259075405942
88.07145019104205 3.405259075405942
88.07145019104205 3.405259075405942
88.07145019104205 3.405259075405942
1.8701851358467136 5.787804920790817
1.8701851358467136 5.787804920790817
1.8701851358467136 5.787804920790817
1.8701851358467136 5.787804920790817
1.8701851358467136 5.787804920790817
87.15591842089673 78.63308492996649
87.15591842089673 78.63308492996649
87.15591842089673 78.63308492996649
87.15591842089673 78.63308492996649
87.15591842089673 78.63308492996649
19.536617207835892 50.98683483500177
19.536617207835892 50.98683483500177
19.536617207835892 50.98683483500177
19.536617207835892 50.98683483500177
19.536617207835892 50.98683483500177
41.480077405516425 15.004235467740168
41.480077405516425 15.004235467740168
38.212659067423296 17.311386021552476
38.212659067423296 17.311386021552476
38.212659067423296 17.311386021552476
38.212659067423296 17.311386021552476
38.212659067423296 17.311386021552476
21.61176301672212 17.89858561469494
21.61176301672212 17.89858561469494
21.61176301672212 17.89858561469494
64.71250339903767 85.53479880685282
64.71250339903767 85.53479880685282
64.71250339903767 85.53479880685282
64.71250339903767 85.53479880685282
64.71250339903767 85.53479880685282
33.35245719853129 44.1053097565498
33.35245719853129 44.1053097565498
33.35245719853129 44.1053097565498
33.35245719853129 44.1053097565498
9.069889539728738 57.7677532668699
9.069889539728738 57.7677532668699
9.069889539728738 57.7677532668699
9.069889539728738 57.7677532668699
9.069889539728738 57.7677532668699
87.43397892273356 32.898445357606384
87.43397892273356 32.898445357606384
87.43397892273356 32.898445357606384
87.43397892273356 32.898445357606384
87.43397892273356 32.898445357606384
78.18904265206683 52.10365736054329
34.60023322418528 11.170589243652994
34.60023322418528 11.170589243652994
34.60023322418528 11.170589243652994
34.60023322418528 11.170589243652994
34.60023322418528 11.170589243652994
0.8145928249178369 75.46302161952752
0.8145928249178369 75.46302161952752
0.8145928249178369 75.46302161952752
0.8145928249178369 75.46302161952752
0.8145928249178369 75.46302161952752
85.04529095930545 0.729344310581248
85.04529095930545 0.729344310581248
85.04529095930545 0.729344310581248
85.04529095930545 0.729344310581248
85.04529095930545 0.729344310581248
12.302339576459975 48.75123620304452
12.302339576459975 48.75123620304452
12.302339576459975 48.75123620304452
12.302339576459975 48.75123620304452
12.302339576459975 48.75123620304452
0.9283281031074786 79.28395659099259
0.9283281031074786 79.28395659099259
0.9283281031074786 79.28395659099259
0.9283281031074786 79.28395659099259
0.9283281031074786 79.28395659099259
86.55170660827987 88.14337159143633
86.55170660827987 88.14337159143633
86.55170660827987 88.14337159143633
86.55170660827987 88.14337159143633
86.55170660827987 88.14337159143633
2.8632559501749144 37.37756021691951
2.8632559501749144 37.37756021691951
2.8632559501749144 37.37756021691951
2.8632559501749144 37.37756021691951
2.8632559501749144 37.37756021691951
12.65420097267892 15.205763253846772
12.65420097267892 15.205763253846772
12.65420097267892 15.205763253846772
12.65420097267892 15.205763253846772
12.65420097267892 15.205763253846772
62.09668905802941 48.23280399283978
62.09668905802941 48.23280399283978
62.09668905802941 48.23280399283978
62.09668905802941 48.23280399283978
62.09668905802941 48.23280399283978
26.207755819089495 11.48002616680477
26.207755819089495 11.48002616680477
26.207755819089495 11.48002616680477
26.207755819089495 11.48002616680477
26.207755819089495 11.48002616680477
18.682880786822974 72.11646152959072
18.682880786822974 72.11646152959072
18.682880786822974 72.11646152959072
18.682880786822974 72.11646152959072
18.682880786822974 72.11646152959072
22.66122053074524 31.450997431810144
22.66122053074524 31.450997431810144
22.66122053074524 31.450997431810144
22.66122053074524 31.450997431810144
22.66122053074524 31.450997431810144
22.246286694263418 26.998483408891982
22.246286694263418 26.998483408891982
22.246286694263418 26.998483408891982
4.547901562513912 47.87743456497174
4.547901562513912 47.87743456497174
4.547901562513912 47.87743456497174
4.547901562513912 47.87743456497174
4.547901562513912 47.87743456497174
21.54977208750334 26.131901216998454
21.54977208750334 26.131901216998454
21.54977208750334 26.131901216998454
25.010647800778308 43.00469737786059
25.010647800778308 43.00469737786059
25.010647800778308 43.00469737786059
25.010647800778308 43.00469737786059
35.54642190667779 58.499901137606244
35.54642190667779 58.499901137606244
35.54642190667779 58.499901137606244
35.54642190667779 58.499901137606244
35.54642190667779 58.499901137606244
67.22737375036013 96.89173421911454
67.22737375036013 96.89173421911454
67.22737375036013 96.89173421911454
67.22737375036013 96.89173421911454
67.22737375036013 96.89173421911454
85.37571650829643 99.07847785624342
85.37571650829643 99.07847785624342
85.37571650829643 99.07847785624342
85.37571650829643 99.07847785624342
85.37571650829643 99.07847785624342
37.27609974700775 64.3085575772032
37.27609974700775 64.3085575772032
37.27609974700775 64.3085575772032
37.27609974700775 64.3085575772032
37.27609974700775 64.3085575772032
84.17067472248742 17.12508468931323
84.17067472248742 17.12508468931323
84.17067472248742 17.12508468931323
84.17067472248742 17.12508468931323
84.17067472248742 17.12508468931323
9.586158917012444 72.83829088269817
9.586158917012444 72.83829088269817
9.586158917012444 72.83829088269817
9.586158917012444 72.83829088269817
9.586158917012444 72.83829088269817
97.29018211234889 78.32513110276777
97.29018211234889 78.32513110276777
97.29018211234889 78.32513110276777
97.29018211234889 78.32513110276777
97.29018211234889 78.32513110276777
36.820323983475525 61.131265857481665
36.820323983475525 61.131265857481665
36.820323983475525 61.131265857481665
36.820323983475525 61.131265857481665
36.820323983475525 61.131265857481665
98.03228485780522 67.0223559621944
98.03228485780522 67.0223559621944
98.03228485780522 67.0223559621944
98.03228485780522 67.0223559621944
98.03228485780522 67.0223559621944
18.653684283913098 47.75259041589158
18.653684283913098 47.75259041589158
18.653684283913098 47.75259041589158
18.653684283913098 47.75259041589158
18.653684283913098 47.75259041589158
14.886154382682214 19.058447930225853
14.886154382682214 19.058447930225853
14.886154382682214 19.058447930225853
14.886154382682214 19.058447930225853
14.886154382682214 19.058447930225853
9.518284127749599 45.15191767013297
9.518284127749599 45.15191767013297
9.518284127749599 45.15191767013297
9.518284127749599 45.15191767013297
9.518284127749599 45.15191767013297
73.65543380484173 52.88425780292967
39.023380940867945 0.6993445872517934
39.023380940867945 0.6993445872517934
39.023380940867945 0.6993445872517934
39.023380940867945 0.6993445872517934
39.023380940867945 0.6993445872517934
96.52060116164346 2.6273833251950984
96.52060116164346 2.6273833251950984
96.52060116164346 2.6273833251950984
96.52060116164346 2.6273833251950984
96.52060116164346 2.6273833251950984
2.4634911006324978 60.939694662037525
2.4634911006324978 60.939694662037525
2.4634911006324978 60.939694662037525
2.4634911006324978 60.939694662037525
2.4634911006324978 60.939694662037525
41.36852261348195 35.03531695609079
41.36852261348195 35.03531695609079
17.24335399696495 80.22372997742112
17.24335399696495 80.22372997742112
17.24335399696495 80.22372997742112
17.24335399696495 80.22372997742112
17.24335399696495 80.22372997742112
16.429506343958845 93.28937761432505
16.429506343958845 93.28937761432505
16.429506343958845 93.28937761432505
16.429506343958845 93.28937761432505
16.429506343958845 93.28937761432505
42.873073642481195 40.366692413740225
42.873073642481195 40.366692413740225
found
